4096
10
1 450 20 1 5 10 3 79 270 4 227 4 431 2 9 2 1 1 9 13 3 32 433 3 38 351 3 1 374 4 258 1 2 7 3 22 265 2 1 4 292 4 269 3 30 229 3 75 271 4 321 3 11 335
2 400 9 1 8 8 4 361 2 8 4 370 3 1 247 2 3 2 5 1 3 8 2 6
3 350 8 3 80 344 3 56 225 3 51 200 2 7 4 182 3 91 329 1 1 15 4 346
4 250 18 4 159 4 170 4 123 4 140 3 98 156 3 45 218 2 5 2 4 4 186 1 1 6 4 222 3 67 115 1 5 14 1 1 15 4 147 4 117 2 7 2 3
5 275 18 3 52 201 4 205 4 261 2 6 3 97 241 4 193 1 1 5 4 185 3 11 200 3 66 250 1 7 15 4 250 1 8 13 1 9 12 2 10 2 7 1 1 8 2 4
6 300 13 2 9 4 304 3 78 235 3 91 211 1 6 7 2 9 3 3 294 4 287 2 3 2 2 1 10 7 2 8 4 287
7 250 20 3 45 130 4 215 3 94 229 2 6 2 5 4 187 3 34 174 2 1 2 6 2 4 4 169 1 2 14 1 8 7 2 1 4 135 1 9 10 1 10 13 4 123 3 88 176 2 10
8 450 10 4 449 2 10 2 6 1 9 6 4 429 2 5 3 97 370 1 3 11 1 5 8 3 48 439
9 400 12 3 8 242 3 41 239 2 10 2 7 3 49 195 1 6 13 2 3 4 383 3 79 212 2 4 1 10 6 2 6
10 350 10 1 5 14 3 12 247 1 9 6 3 77 305 2 4 3 33 226 1 2 7 2 6 3 13 240 1 1 15