8192
20
1 300 11 4 179 3 100 174 2 7 4 283 2 8 1 1 13 3 63 181 4 287 4 261 3 81 198 3 82 272
2 450 11 3 2 252 3 62 410 3 5 386 2 4 1 2 15 1 1 7 4 267 4 334 2 7 2 8 4 473
3 350 18 4 216 2 5 2 6 1 6 9 1 4 14 1 9 9 1 5 12 1 10 10 1 1 12 3 28 251 1 5 10 4 328 1 9 7 2 1 3 40 325 2 3 2 5 4 243
4 400 12 3 24 421 4 324 2 3 2 9 1 9 12 4 229 1 7 9 3 48 260 3 84 261 1 3 6 2 3 2 1
5 400 9 1 6 11 3 6 227 4 206 2 10 3 51 310 2 4 2 7 2 4 2 7
6 300 13 1 10 6 1 2 9 4 255 2 4 1 1 5 1 10 6 4 293 4 189 2 8 1 6 11 2 7 3 64 287 4 286
7 450 13 1 2 10 3 47 306 2 8 1 4 6 1 9 11 3 11 400 4 324 4 258 4 276 2 7 4 451 2 5 4 293
8 500 19 1 7 6 2 1 4 252 4 316 2 10 2 7 3 61 408 3 14 407 4 421 3 35 320 4 258 3 31 344 2 9 1 3 7 4 278 4 362 4 379 1 2 15 1 6 13
9 250 10 4 212 2 2 1 3 14 2 10 2 9 3 30 145 1 5 14 4 155 3 81 181 1 5 7
10 350 20 4 270 4 314 2 9 2 1 3 5 261 4 283 4 322 4 271 3 36 227 4 207 4 212 4 319 2 5 3 75 238 2 6 3 71 283 3 87 348 3 100 319 3 50 183 4 315
11 450 16 4 313 4 246 3 49 249 3 57 389 3 25 381 4 423 1 7 7 2 2 4 325 1 10 12 3 58 373 2 1 3 24 467 4 335 4 259 4 332
12 400 11 1 9 8 3 97 341 2 10 3 87 391 1 6 10 3 90 368 3 32 355 4 330 3 42 307 1 3 14 3 11 317
13 450 18 2 2 4 346 4 329 1 10 6 3 86 261 4 368 1 3 9 4 469 1 5 9 1 1 5 1 4 14 2 6 4 331 2 1 1 3 8 1 4 13 3 4 334 4 405
14 300 19 3 3 238 1 5 15 2 2 3 96 226 2 8 4 239 3 39 172 1 1 15 2 1 3 21 163 1 8 15 2 5 3 24 229 2 6 3 1 234 2 9 2 3 2 7 4 173
15 250 8 1 10 14 4 126 1 1 7 3 51 120 1 4 15 2 9 4 132 1 9 6
16 400 7 2 7 2 1 1 10 11 4 274 1 8 6 2 1 3 33 374
17 325 14 1 5 6 1 3 8 2 5 2 6 1 6 10 3 41 300 3 53 212 2 4 4 216 3 83 183 2 1 1 8 14 3 28 272 3 86 195
18 300 14 2 6 2 7 2 6 4 246 3 89 228 4 216 2 3 4 130 4 186 3 88 169 4 222 2 3 1 7 10 2 9
19 400 18 3 27 269 4 164 1 4 6 4 271 1 3 12 2 3 4 210 3 52 179 4 199 2 5 2 6 4 246 1 5 7 3 18 260 4 246 3 31 165 3 22 233 1 7 13
20 500 16 1 3 14 3 17 164 3 1 150 3 42 109 3 88 117 1 4 6 4 126 3 54 214 3 79 171 4 146 2 9 4 211 4 202 2 7 4 158 4 198